-9999 -9999 -9999 -9999 -9999 -9999 -9999 -9999 -9999 -9999 -9999 -9999 0 0 0 0 2.08 0 0 0 0 0 0 0 0 0 0 0 0.00158445 0.00158445 0.00158445 0.00158445 0.00158445 0.00158445 0.00158445 0.00158445 0.00158445 0.00158445 0.00158445 0.00158445 0.00158445 0.00158445 0.00158445 0.00158445 0.00158445 0.00158445 0.00158445 0.00158445 0.00158445 0.00158445 1.20184 1.20184 1.20184 1.20184 0.00158445 
-9999 -9999 -9999 -9999 -9999 -9999 -9999 -9999 -9999 -9999 0 0 0 0 0 0 0 0 0 2.08 0 0 0 0 0 0 0.00158445 0.00158445 0.00158445 0.00158445 0.00158445 0.00158445 0.00158445 0.00158445 0.00158445 0.00158445 0.00158445 0.00158445 0.00158445 0.00158445 0.00158445 0.00158445 0.00158445 0.00158445 0.00158445 0.00158445 0.00158445 0.00158445 0.224 0.224 0.224 0.00158445 0.00158445 1.20184 -9999 
-9999 -9999 -9999 -9999 -9999 -9999 -9999 -9999 0 0 0 0 0 0 0 0 0 0 0 0 0 0 0 0 0.00158445 0.00158445 0.00158445 0.00158445 0.00158445 0.00158445 0.00158445 0.00158445 0.00158445 0.00158445 0.00158445 0.00158445 0.00158445 0.00158445 0.00158445 0.00158445 0.00158445 0.00158445 0.00158445 0.00158445 0.00158445 0.00158445 0.00158445 0.224 0.224 0.00158445 0.00158445 0.00158445 1.20184 -9999 -9999 
-9999 -9999 -9999 -9999 -9999 -9999 0 0 0 0 0 0 0 0 0 0 0 0 0 0 0 0 0.00158445 0.00158445 0.00158445 0.00158445 0.00158445 0.00158445 0.00158445 0.00158445 0.00158445 0.00158445 0.00158445 0.00158445 0.00158445 0.00158445 0.00158445 0.00158445 0.00158445 0.00158445 0.00158445 0.00158445 0.00158445 0.00158445 0.00158445 0.00158445 0.224 0.224 0.00158445 0.00158445 0.00158445 0.00158445 -9999 -9999 -9999 
-9999 -9999 -9999 0 0 0 0 0 0 0 0 0 0 0 0 0 0 0 0 0 0 0.00158445 0.00158445 0.00158445 0.00158445 0.00158445 0.00158445 0.00158445 0.00158445 0.00158445 0.00158445 0.00158445 0.00158445 0.00158445 0.00158445 0.00158445 0.00158445 0.00158445 0.00158445 0.00158445 0.00158445 0.00158445 0.00158445 0.00158445 0.00158445 0.224 0.00158445 0.00158445 0.00158445 0.00158445 0.00158445 -9999 -9999 -9999 -9999 
-9999 0 0 0 0 0 0 0 0 0 0 0 0 0 0 0 0 0 0.00158445 0.00158445 0.00158445 0.00158445 0.00158445 0.00158445 0.00158445 0.00158445 0.00158445 0.00158445 0.00158445 0.00158445 0.00158445 0.00158445 0.00158445 0.00158445 0.00158445 0.00158445 0.00158445 0.00158445 0.00158445 0.00158445 0.00158445 0.00158445 0.00158445 0.00158445 0.00158445 0.00158445 0.00158445 0.00158445 0.00158445 0.00158445 -9999 -9999 -9999 -9999 -9999 
0 0 0 0 0 0 0 2.08 0 0 0 0 0 0.00158445 0.00158445 0.00158445 0.00158445 0.00158445 0.00158445 0.00158445 0.00158445 0.00158445 0.00158445 0.00158445 0.00158445 0.00158445 0.00158445 0.00158445 0.00158445 0.00158445 0.00158445 0.00158445 0.00158445 0.00158445 0.00158445 0.00158445 0.00158445 0.00158445 0.00158445 0.00158445 0.00158445 0.00158445 0.00158445 0.00158445 0.00158445 0.00158445 0.00158445 0.00158445 0.00158445 -9999 -9999 -9999 -9999 0 0 
0 0 0 0 0 0 0 0 0 0 0 0.00158445 0.00158445 0.00158445 0.00158445 0.00158445 0.00158445 0.00158445 0.00158445 0.00158445 0.00158445 0.00158445 0.00158445 0.00158445 0.00158445 0.00158445 0.00158445 0.00158445 0.00158445 0.00158445 0.00158445 0.00158445 0.00158445 0.00158445 0.00158445 0.00158445 0.00158445 0.00158445 0.00158445 0.00158445 0.00158445 0.00158445 0.00158445 0.00158445 0.00158445 0.00158445 0.00158445 0.00158445 -9999 -9999 -9999 0 0 0 0 
0 0 0 0 0 2.08 0 0 0.00158445 0.00158445 0.00158445 0.00158445 0.00158445 0.00158445 0.00158445 0.00158445 0.00158445 0.00158445 0.00158445 0.00158445 0.00158445 0.00158445 0.00158445 0.00158445 0.00158445 0.00158445 0.00158445 0.00158445 0.00158445 0.00158445 0.00158445 0.00158445 0.00158445 0.00158445 0.00158445 0.00158445 0.00158445 0.00158445 0.00158445 0.00158445 0.00158445 0.00158445 0.00158445 0.00158445 0.00158445 0.00158445 0.00158445 -9999 -9999 0 0 0 0 0 0 
0 0 0 0 0 0 0.00158445 0.00158445 0.00158445 0.00158445 0.00158445 0.00158445 0.00158445 0.00158445 0.00158445 0.00158445 0.00158445 0.00158445 0.00158445 0.00158445 0.00158445 0.00158445 0.00158445 0.00158445 0.00158445 0.00158445 0.00158445 0.00158445 0.00158445 0.00158445 0.00158445 0.00158445 0.00158445 0.00158445 0.00158445 0.00158445 0.00158445 0.00158445 0.00158445 0.00158445 0.00158445 0.00158445 0.00158445 0.00158445 0.00158445 0.00158445 -9999 0 0 0 0 0 0 0 0 
0 0 0 0 0.00158445 0.00158445 0.00158445 0.00158445 0.00158445 0.00158445 0.00158445 0.00158445 0.00158445 0.00158445 0.00158445 0.00158445 0.00158445 0.00158445 0.00158445 0.00158445 0.00158445 0.00158445 0.00158445 0.00158445 0.00158445 0.00158445 0.00158445 0.00158445 0.00158445 0.00158445 0.00158445 0.00158445 0.00158445 0.00158445 0.00158445 0.00158445 0.00158445 0.00158445 0.00158445 0.00158445 0.00158445 0.00158445 0.00158445 0.00158445 0.00158445 0 0 0 0 0 0 0 0 0 0 
0 0 0 0.00158445 0.00158445 0.00158445 0.00158445 0 0.00158445 0.00158445 0.00158445 0.00158445 0.00158445 0.00158445 0.00158445 0.00158445 0.00158445 0.00158445 0.00158445 0.00158445 0.00158445 0.00158445 0.00158445 0.00158445 0.00158445 0.00158445 0.00158445 0.00158445 0.00158445 0.00158445 0.00158445 0.00158445 0.00158445 0.00158445 0.00158445 0.00158445 0.00158445 0.00158445 0.00158445 0.00158445 0.00158445 0.00158445 0.00158445 0.00158445 0 0 0 0 0 0 0 0 0 0 0 
0 0.00158445 0.00158445 0.00158445 0.00158445 0.00158445 0 0 0.00158445 0.00158445 0.00158445 0.00158445 0.00158445 0.00158445 0.00158445 0.00158445 0.00158445 0.00158445 0.00158445 0.00158445 0.00158445 0.00158445 0.00158445 0.00158445 0.00158445 0.00158445 0.00158445 0.00158445 0.00158445 0.00158445 0.00158445 0.00158445 0.00158445 0.00158445 0.00158445 0.00158445 0.00158445 0.00158445 0.00158445 0.00158445 0.00158445 0.00158445 0.00158445 0 0 0 0 0 0 0 0 0.0045816 0 0 0 
0.00158445 0.00158445 0.00158445 0.00158445 0.00158445 0.00158445 0 0.00158445 0.00158445 0.00158445 0.00158445 0.00158445 0.00158445 0.00158445 0.00158445 0.00158445 0.00158445 0.00158445 0.00158445 0.00158445 0.00158445 0.00158445 0.00158445 0.00158445 0.00158445 0.00158445 0.00158445 0.00158445 0.00158445 0.00158445 0.00158445 0.00158445 0.00158445 0.00158445 0.00158445 0.00158445 0.00158445 0.00158445 0.00158445 0.00158445 0.00158445 0.00158445 0 0 0 0 0 0 0 0.0045816 0.0045816 0 0.00158445 0.00158445 0.00158445 
0.00158445 0.00158445 0.00158445 0.00158445 0.00158445 0 0.00158445 0.00158445 0.00158445 0.00158445 0.00158445 0.00158445 0.00158445 0.00158445 0.00158445 0.00158445 0.00158445 0 0.00158445 0.00158445 0.00158445 0.00158445 0.00158445 0.00158445 0.00158445 0.00158445 0.00158445 0.00158445 0.00158445 0.00158445 0.00158445 0.00158445 0.00158445 0.00158445 0.00158445 0.00158445 0.00158445 0.00158445 0.00158445 0.00158445 0.00158445 0 0 2.08 0 0 0 0 0.0045816 0.0045816 0 0.00158445 0.00158445 0.00158445 0.00158445 
0.00158445 0.00158445 0.00158445 0.00158445 0 0 0.00158445 0.00158445 0.00158445 0.00158445 0.00158445 0.00158445 0.00158445 0.00158445 0.00158445 0.00158445 0.00158445 0.00158445 0.00158445 0.00158445 0.00158445 0.00158445 0.00158445 0.00158445 0.00158445 0.00158445 0.00158445 0.00158445 0.00158445 0.00158445 0.00158445 0.00158445 0.00158445 0.00158445 0.00158445 0.00158445 0.00158445 0.00158445 0.00158445 0.00158445 0 0 0 0 0 0 0.0045816 0.0045816 1.20184 0.00158445 0.00158445 0.00158445 0.00158445 0.00158445 0.00158445 
0.00158445 0.00158445 0.00158445 0.00158445 0 0.00158445 0.00158445 0.00158445 0.00158445 0.00158445 0.00158445 0.00158445 0.00158445 0.00158445 0.00158445 0.00158445 0.00158445 0.00158445 0.00158445 0.00158445 0.00158445 0.00158445 0.00158445 0.00158445 0.00158445 0.00158445 0.00158445 0.00158445 0.00158445 0.00158445 0.00158445 0.00158445 0.00158445 0.00158445 0.00158445 0.00158445 0.00158445 0.00158445 0.00158445 0 0 0 0 0 0 0.0045816 1.20184 1.20184 1.20184 0.0045816 0.0045816 0.00158445 0.00158445 0.00158445 0.00158445 
0.00158445 0.00158445 0.00158445 0 0.00158445 0.00158445 0.00158445 0.00158445 0.00158445 0.00158445 0.00158445 0.00158445 0.00158445 0.00158445 0.00158445 0.00158445 0.00158445 0.00158445 0.00158445 0.00158445 0.00158445 0.00158445 0.00158445 0.00158445 0.00158445 0.00158445 0.00158445 0.00158445 0.00158445 0.00158445 0.00158445 0.00158445 0.00158445 0.00158445 0.00158445 0.00158445 0.00158445 0.00158445 0 0 0 0 0 0 0 0.00158445 1.20184 0.0045816 0.0045816 0.0045816 0.0045816 0.00158445 0.00158445 0.00158445 0.00158445 
0.00158445 0.00158445 0 0.00158445 0.00158445 0.00158445 0.00158445 0.00158445 0.00158445 0.00158445 0.00158445 0.00158445 0.00158445 0.00158445 0.00158445 0.00158445 0.00158445 0.00158445 0.00158445 0.00158445 0.00158445 0.00158445 0.00158445 0.00158445 0.00158445 0.00158445 0.00158445 0.00158445 0.00158445 0.00158445 0.00158445 0.00158445 0.00158445 0.00158445 0.00158445 0.00158445 0.00158445 0 0 0 0 0 0.00158445 0.00158445 0.00158445 0.00158445 0.0045816 0.00158445 0.00158445 0.00158445 1.20184 1.20184 0.00158445 0.00158445 0.00158445 
0.00158445 0 0 0.00158445 0.00158445 0.00158445 0.00158445 0.00158445 0.00158445 0.00158445 0.00158445 0.00158445 0.00158445 0.00158445 0.00158445 0.00158445 0.00158445 0.00158445 0.00158445 0.00158445 0.00158445 0.00158445 0.00158445 0.00158445 0.00158445 0.00158445 0.00158445 0.00158445 0.00158445 0.00158445 0.00158445 0.00158445 0.00158445 0.00158445 0.00158445 0.00158445 0 0 0 0 0 0.00158445 0.00158445 0.00158445 0.00158445 0.00158445 0.00158445 0.00158445 0.00158445 0.0045816 0.0045816 1.20184 1.20184 0.00158445 0.00158445 
0.00158445 0 0.00158445 0.00158445 0.00158445 0.00158445 0.00158445 0.00158445 0.00158445 0.00158445 0.00158445 0.00158445 0.00158445 0.00158445 0.00158445 0.00158445 0.00158445 0.00158445 0.00158445 0.00158445 0.00158445 0.00158445 0.00158445 0.00158445 0.00158445 0.00158445 0.00158445 0.00158445 0.00158445 0.00158445 0.00158445 0.00158445 0.00158445 0.00158445 0.00158445 0 0.00158445 0.00158445 0.00158445 0.00158445 0.00158445 0.00158445 0.00158445 0.352 0.352 0.352 0.00158445 0.00158445 0.00158445 0.0045816 0.0045816 1.20184 1.20184 0.00158445 0.00158445 
0 0.00158445 0.00158445 0.00158445 0.00158445 0.00158445 0.00158445 0.00158445 0.00158445 0.00158445 0.00158445 0.00158445 0.00158445 0.00158445 0.00158445 0.00158445 0.00158445 0.00158445 0.00158445 0.00158445 0.00158445 0.00158445 0.00158445 0.00158445 0.00158445 0.00158445 0.00158445 0.00158445 0.00158445 0.00158445 0.00158445 0.00158445 0.00158445 0.00158445 0 0.00158445 0.00158445 0.00158445 0.00158445 0.00158445 0.00158445 0.00158445 0.352 0.352 0.00158445 0.352 0.00158445 0.00158445 0.00158445 1.20184 0.00158445 1.20184 1.20184 0.00158445 0.00158445 
0 0.00158445 0.00158445 0.00158445 0.00158445 0.00158445 0.00158445 0.00158445 0.00158445 0.00158445 0.00158445 0.00158445 0.00158445 0.00158445 0.00158445 0.00158445 0.00158445 0.00158445 0.00158445 0.00158445 0.00158445 0.00158445 0.00158445 0.00158445 0.00158445 0.00158445 0.00158445 0.56 0.00158445 0.00158445 0.00158445 0.00158445 0.00158445 0.00158445 0.00158445 0.00158445 0.00158445 0.00158445 0.00158445 0.00158445 0.00158445 0.00158445 0.352 0.00158445 0.352 0.00158445 0.00158445 0.00158445 0.00158445 0.00158445 0.00158445 0.00158445 0.00158445 0.00158445 0.00158445 
0.00158445 0.00158445 0.00158445 0.00158445 0.00158445 0.00158445 0.00158445 0.00158445 0.00158445 0.00158445 0.00158445 0.00158445 0.00158445 0.00158445 0.00158445 0.00158445 0.00158445 0.00158445 0.00158445 0.00158445 0.00158445 0.00158445 0.00158445 0.00158445 0.56 0.56 0.56 0.56 0.00158445 0.00158445 0.00158445 0.00158445 0.00158445 0.00158445 0.00158445 0.00158445 0.00158445 0.00158445 0.00158445 0.00158445 0.00158445 0.00158445 0.00158445 0.352 0.00158445 0.352 0.352 0.00158445 0.00158445 0.00158445 0.352 0.00158445 0.00158445 0.00158445 0 
0.00158445 0.00158445 0.00158445 0.00158445 0.00158445 0.00158445 0.00158445 0.00158445 0.00158445 0.00158445 0.00158445 0.00158445 0.00158445 0.00158445 0.00158445 0.00158445 0.00158445 0.00158445 0.00158445 0.00158445 0.56 0.56 0.56 0.56 0.56 0.56 0.56 0.56 0.00158445 0.00158445 0.00158445 0.00158445 0.00158445 0.00158445 0.00158445 0.00158445 0.00158445 0.00158445 0.00158445 0.00158445 0.00158445 0.00158445 0.00158445 0.00158445 0.00158445 0.00158445 0.352 0.352 0.352 0.352 0.00158445 0.00158445 0.00158445 0 0.00158445 
0.00158445 0.00158445 0.00158445 0.00158445 0.00158445 0.00158445 0.00158445 0.00158445 0.00158445 0.00158445 0.00158445 0.00158445 0.00158445 0.00158445 0.00158445 0.00158445 0.56 0.56 0.56 0.56 0.56 0.56 0.56 0.56 0.56 0.56 0.56 0.00158445 0.00158445 0.00158445 0.00158445 0 0.00158445 0.00158445 0.00158445 0.00158445 0.00158445 0.00158445 0.00158445 0.00158445 0.00158445 0.00158445 0.00158445 0.00158445 0.00158445 0.00158445 0.352 0.352 0.352 0.352 0.00158445 0.00158445 0 0 0.00158445 
0.00158445 0.00158445 0.00158445 0.00158445 0.00158445 0.00158445 0.00158445 0.00158445 0.00158445 0.00158445 0.00158445 0.00158445 0.00158445 0.56 0.56 0.56 0.56 0.56 0.56 0.56 0.56 0.56 0 0 0.00158445 0.56 0.56 0.00158445 0.00158445 0.00158445 0 0 0.00158445 0.00158445 0.00158445 0.00158445 0.00158445 0.00158445 0.00158445 0.00158445 0.00158445 0.00158445 0.00158445 0.00158445 0.00158445 0.00158445 0.352 0.352 0.352 0.00158445 0.00158445 0.00158445 0 0.00158445 0.00158445 
0.00158445 0.00158445 0.00158445 0.00158445 0.00158445 0.00158445 0.00158445 0.00158445 0.00158445 0.00158445 0.00158445 0.00158445 0.56 0.56 0.56 0.56 0.56 0.56 0.56 0.56 0.56 0.56 0.56 0.00158445 0.00158445 0.56 0.56 0.56 0.00158445 0.00158445 0 0 0.00158445 0.00158445 0.00158445 0.00158445 0.00158445 0.00158445 0.00158445 0.00158445 0.00158445 0.00158445 0.00158445 0.00158445 0.00158445 0.352 0.352 0.352 0.352 0.352 0.00158445 0 0 0.00158445 0.00158445 
0.00158445 0.00158445 0.00158445 0.00158445 0.00158445 0.00158445 0.00158445 0.00158445 0.00158445 0.00158445 0.00158445 0.56 0.56 0.56 0.56 0.56 0.56 0.56 0.56 0.56 0.56 0.56 0.00158445 0.00158445 0.00158445 0.56 0.56 0.00158445 0.00158445 0.00158445 0 0 0.00158445 0.00158445 0.00158445 0.00158445 0.00158445 0.00158445 0.00158445 0.00158445 0.00158445 0.00158445 0.00158445 0.00158445 0.00158445 0.00158445 0.352 0.352 0.352 0.352 0.352 0 0.00158445 0.00158445 0.00158445 
0.00158445 0.00158445 0.00158445 0.00158445 0.00158445 0.00158445 0.00158445 0.00158445 0.00158445 0.00158445 0.00158445 0.56 0.00158445 0.56 0.56 0.56 0.56 0.56 0.56 0.56 0.56 0.56 0.00158445 0.56 0.56 0.56 